# Gait Setpoints for MCU Testing
# Update Rate: 200 Hz (5.0 ms per step)
# Total Steps: 300
# Cycle Duration: 1500 ms
# Format: step, time_ms, motor_A_deg*100, motor_B_deg*100
#
  0,     0.0, -77207, -15149
  1,     5.0, -77309, -14904
  2,    10.0, -77419, -14663
  3,    15.0, -77536, -14428
  4,    20.0, -77660, -14199
  5,    25.0, -77792, -13975
  6,    30.0, -77931, -13757
  7,    35.0, -78076, -13545
  8,    40.0, -78230, -13339
  9,    45.0, -78390, -13140
 10,    50.0, -78557, -12946
 11,    55.0, -78731, -12760
 12,    60.0, -78912, -12580
 13,    65.0, -79100, -12407
 14,    70.0, -79295, -12242
 15,    75.0, -79496, -12083
 16,    80.0, -79704, -11932
 17,    85.0, -79919, -11789
 18,    90.0, -80140, -11653
 19,    95.0, -80367, -11526
 20,   100.0, -80601, -11407
 21,   105.0, -80841, -11296
 22,   110.0, -81088, -11193
 23,   115.0, -81341, -11099
 24,   120.0, -81599, -11014
 25,   125.0, -81864, -10939
 26,   130.0, -82135, -10872
 27,   135.0, -82412, -10815
 28,   140.0, -82694, -10767
 29,   145.0, -82982, -10729
 30,   150.0, -83276, -10701
 31,   155.0, -83575, -10682
 32,   160.0, -83879, -10674
 33,   165.0, -84189, -10677
 34,   170.0, -84505, -10689
 35,   175.0, -84825, -10713
 36,   180.0, -85151, -10747
 37,   185.0, -85481, -10792
 38,   190.0, -85816, -10848
 39,   195.0, -86156, -10915
 40,   200.0, -86501, -10993
 41,   205.0, -86850, -11082
 42,   210.0, -87204, -11183
 43,   215.0, -87562, -11295
 44,   220.0, -87924, -11419
 45,   225.0, -88291, -11554
 46,   230.0, -88661, -11700
 47,   235.0, -89035, -11859
 48,   240.0, -89412, -12028
 49,   245.0, -89794, -12210
 50,   250.0, -90178, -12403
 51,   255.0, -90566, -12607
 52,   260.0, -90957, -12823
 53,   265.0, -91351, -13051
 54,   270.0, -91748, -13289
 55,   275.0, -92147, -13540
 56,   280.0, -92549, -13801
 57,   285.0, -92953, -14073
 58,   290.0, -93359, -14356
 59,   295.0, -93767, -14650
 60,   300.0, -94176, -14955
 61,   305.0, -94588, -15270
 62,   310.0, -95000, -15595
 63,   315.0, -95414, -15931
 64,   320.0, -95828, -16276
 65,   325.0, -96243, -16631
 66,   330.0, -96659, -16995
 67,   335.0, -97074, -17368
 68,   340.0, -97490, -17750
 69,   345.0, -97905, -18140
 70,   350.0, -98320, -18539
 71,   355.0, -98734, -18945
 72,   360.0, -99147, -19360
 73,   365.0, -99559, -19781
 74,   370.0, -99970, -20209
 75,   375.0, -100378, -20644
 76,   380.0, -100785, -21086
 77,   385.0, -101189, -21533
 78,   390.0, -101590, -21986
 79,   395.0, -101989, -22443
 80,   400.0, -102384, -22906
 81,   405.0, -102776, -23373
 82,   410.0, -103165, -23845
 83,   415.0, -103549, -24320
 84,   420.0, -103930, -24798
 85,   425.0, -104305, -25280
 86,   430.0, -104677, -25764
 87,   435.0, -105043, -26250
 88,   440.0, -105403, -26738
 89,   445.0, -105759, -27228
 90,   450.0, -106108, -27719
 91,   455.0, -106452, -28211
 92,   460.0, -106789, -28703
 93,   465.0, -107119, -29196
 94,   470.0, -107443, -29688
 95,   475.0, -107761, -30180
 96,   480.0, -108071, -30671
 97,   485.0, -108373, -31161
 98,   490.0, -108668, -31650
 99,   495.0, -108956, -32137
100,   500.0, -109235, -32622
101,   505.0, -109506, -33105
102,   510.0, -109770, -33585
103,   515.0, -110024, -34062
104,   520.0, -110271, -34536
105,   525.0, -110508, -35007
106,   530.0, -110737, -35475
107,   535.0, -110957, -35938
108,   540.0, -111168, -36398
109,   545.0, -111370, -36853
110,   550.0, -111563, -37304
111,   555.0, -111747, -37750
112,   560.0, -111921, -38192
113,   565.0, -112086, -38628
114,   570.0, -112242, -39059
115,   575.0, -112388, -39485
116,   580.0, -112525, -39905
117,   585.0, -112652, -40319
118,   590.0, -112770, -40728
119,   595.0, -112879, -41130
120,   600.0, -112978, -41526
121,   605.0, -113068, -41916
122,   610.0, -113149, -42299
123,   615.0, -113220, -42676
124,   620.0, -113282, -43046
125,   625.0, -113334, -43409
126,   630.0, -113378, -43765
127,   635.0, -113412, -44114
128,   640.0, -113437, -44456
129,   645.0, -113453, -44790
130,   650.0, -113461, -45118
131,   655.0, -113459, -45437
132,   660.0, -113449, -45749
133,   665.0, -113430, -46054
134,   670.0, -113402, -46350
135,   675.0, -113366, -46639
136,   680.0, -113322, -46920
137,   685.0, -113269, -47193
138,   690.0, -113208, -47458
139,   695.0, -113139, -47715
140,   700.0, -113062, -47963
141,   705.0, -112978, -48204
142,   710.0, -112885, -48436
143,   715.0, -112785, -48659
144,   720.0, -112677, -48875
145,   725.0, -112562, -49082
146,   730.0, -112440, -49280
147,   735.0, -112310, -49470
148,   740.0, -112174, -49652
149,   745.0, -112030, -49824
150,   750.0, -111880, -49989
151,   755.0, -111723, -50144
152,   760.0, -111559, -50291
153,   765.0, -111389, -50430
154,   770.0, -111212, -50559
155,   775.0, -111030, -50680
156,   780.0, -110841, -50792
157,   785.0, -110646, -50896
158,   790.0, -110445, -50990
159,   795.0, -110238, -51076
160,   800.0, -110026, -51153
161,   805.0, -109808, -51222
162,   810.0, -109585, -51282
163,   815.0, -109357, -51333
164,   820.0, -109123, -51375
165,   825.0, -108884, -51409
166,   830.0, -108640, -51434
167,   835.0, -108392, -51450
168,   840.0, -108138, -51458
169,   845.0, -107880, -51458
170,   850.0, -107617, -51449
171,   855.0, -107350, -51431
172,   860.0, -107079, -51405
173,   865.0, -106803, -51370
174,   870.0, -106523, -51328
175,   875.0, -106239, -51277
176,   880.0, -105952, -51218
177,   885.0, -105660, -51150
178,   890.0, -105365, -51075
179,   895.0, -105066, -50991
180,   900.0, -104764, -50900
181,   905.0, -104458, -50801
182,   910.0, -104149, -50694
183,   915.0, -103837, -50580
184,   920.0, -103522, -50457
185,   925.0, -103204, -50328
186,   930.0, -102883, -50191
187,   935.0, -102559, -50046
188,   940.0, -102233, -49894
189,   945.0, -101904, -49736
190,   950.0, -101572, -49570
191,   955.0, -101239, -49397
192,   960.0, -100903, -49218
193,   965.0, -100565, -49032
194,   970.0, -100224, -48839
195,   975.0, -99882, -48640
196,   980.0, -99539, -48435
197,   985.0, -99193, -48223
198,   990.0, -98846, -48005
199,   995.0, -98498, -47781
200,  1000.0, -98148, -47552
201,  1005.0, -97796, -47317
202,  1010.0, -97444, -47076
203,  1015.0, -97091, -46830
204,  1020.0, -96737, -46578
205,  1025.0, -96382, -46321
206,  1030.0, -96026, -46059
207,  1035.0, -95670, -45792
208,  1040.0, -95313, -45521
209,  1045.0, -94956, -45244
210,  1050.0, -94599, -44964
211,  1055.0, -94241, -44678
212,  1060.0, -93884, -44389
213,  1065.0, -93527, -44095
214,  1070.0, -93170, -43797
215,  1075.0, -92813, -43496
216,  1080.0, -92457, -43191
217,  1085.0, -92102, -42882
218,  1090.0, -91747, -42569
219,  1095.0, -91394, -42253
220,  1100.0, -91041, -41934
221,  1105.0, -90690, -41612
222,  1110.0, -90339, -41287
223,  1115.0, -89991, -40959
224,  1120.0, -89643, -40628
225,  1125.0, -89298, -40295
226,  1130.0, -88954, -39959
227,  1135.0, -88613, -39620
228,  1140.0, -88273, -39280
229,  1145.0, -87936, -38937
230,  1150.0, -87601, -38592
231,  1155.0, -87268, -38246
232,  1160.0, -86938, -37897
233,  1165.0, -86611, -37547
234,  1170.0, -86287, -37195
235,  1175.0, -85966, -36842
236,  1180.0, -85648, -36488
237,  1185.0, -85334, -36132
238,  1190.0, -85023, -35775
239,  1195.0, -84715, -35417
240,  1200.0, -84412, -35058
241,  1205.0, -84112, -34698
242,  1210.0, -83816, -34337
243,  1215.0, -83524, -33976
244,  1220.0, -83237, -33614
245,  1225.0, -82954, -33252
246,  1230.0, -82676, -32889
247,  1235.0, -82402, -32526
248,  1240.0, -82134, -32163
249,  1245.0, -81870, -31799
250,  1250.0, -81611, -31436
251,  1255.0, -81358, -31073
252,  1260.0, -81110, -30710
253,  1265.0, -80867, -30347
254,  1270.0, -80630, -29984
255,  1275.0, -80399, -29622
256,  1280.0, -80173, -29261
257,  1285.0, -79954, -28899
258,  1290.0, -79740, -28539
259,  1295.0, -79533, -28179
260,  1300.0, -79332, -27820
261,  1305.0, -79138, -27463
262,  1310.0, -78949, -27106
263,  1315.0, -78768, -26750
264,  1320.0, -78593, -26395
265,  1325.0, -78425, -26041
266,  1330.0, -78264, -25689
267,  1335.0, -78109, -25338
268,  1340.0, -77962, -24989
269,  1345.0, -77821, -24641
270,  1350.0, -77688, -24295
271,  1355.0, -77562, -23951
272,  1360.0, -77444, -23608
273,  1365.0, -77332, -23268
274,  1370.0, -77229, -22929
275,  1375.0, -77132, -22592
276,  1380.0, -77043, -22258
277,  1385.0, -76962, -21926
278,  1390.0, -76888, -21596
279,  1395.0, -76822, -21269
280,  1400.0, -76763, -20944
281,  1405.0, -76712, -20622
282,  1410.0, -76669, -20302
283,  1415.0, -76633, -19986
284,  1420.0, -76605, -19672
285,  1425.0, -76585, -19362
286,  1430.0, -76573, -19054
287,  1435.0, -76568, -18750
288,  1440.0, -76571, -18450
289,  1445.0, -76582, -18152
290,  1450.0, -76601, -17859
291,  1455.0, -76627, -17569
292,  1460.0, -76661, -17283
293,  1465.0, -76702, -17001
294,  1470.0, -76752, -16723
295,  1475.0, -76809, -16449
296,  1480.0, -76873, -16180
297,  1485.0, -76945, -15915
298,  1490.0, -77025, -15655
299,  1495.0, -77112, -15400
